image: big_map.pgm
resolution: 0.05000
origin: [-32.050000, -10.300000, 0.000000]
negate: 0
occupied_thresh: 0.65
free_thresh: 0.196

